[[4686061, 647150, 647147, [2839867], 1], [4686062, 647150, 647147, [3099837, 2666369], 2], [4686063, 647154, 647147, [3788931], 1]]
[[4686061, 647150, 647147, [2839867], 1], [4686062, 647150, 647147, [3099837, 2666369], 2], [4686064, 647150, 647147, [2816061], 1]]
[[4686061, 647150, 647147, [2839867], 1], [4686062, 647150, 647147, [3099837, 2666369], 2], [4686065, 647150, 647147, [2643254], 1]]
[[4686061, 647150, 647147, [2839867], 1], [4686062, 647150, 647147, [3099837, 2666369], 2], [4686066, 647163, 647147, [2459828], 1]]
[[4686061, 647150, 647147, [2839867], 1], [4686062, 647150, 647147, [3099837, 2666369], 2], [4686067, 647158, 647147, [4163914], 1]]
[[4686061, 647150, 647147, [2839867], 1], [4686063, 647154, 647147, [3788931], 1], [4686062, 647150, 647147, [3099837, 2666369], 2]]
[[4686061, 647150, 647147, [2839867], 1], [4686063, 647154, 647147, [3788931], 1], [4686064, 647150, 647147, [2816061], 1]]
[[4686061, 647150, 647147, [2839867], 1], [4686063, 647154, 647147, [3788931], 1], [4686065, 647150, 647147, [2643254], 1]]
[[4686061, 647150, 647147, [2839867], 1], [4686063, 647154, 647147, [3788931], 1], [4686066, 647163, 647147, [2459828], 1]]
[[4686061, 647150, 647147, [2839867], 1], [4686063, 647154, 647147, [3788931], 1], [4686067, 647158, 647147, [4163914], 1]]
[[4686061, 647150, 647147, [2839867], 1], [4686064, 647150, 647147, [2816061], 1], [4686062, 647150, 647147, [3099837, 2666369], 2]]
[[4686061, 647150, 647147, [2839867], 1], [4686064, 647150, 647147, [2816061], 1], [4686063, 647154, 647147, [3788931], 1]]
[[4686061, 647150, 647147, [2839867], 1], [4686064, 647150, 647147, [2816061], 1], [4686065, 647150, 647147, [2643254], 1]]
[[4686061, 647150, 647147, [2839867], 1], [4686064, 647150, 647147, [2816061], 1], [4686066, 647163, 647147, [2459828], 1]]
[[4686061, 647150, 647147, [2839867], 1], [4686064, 647150, 647147, [2816061], 1], [4686067, 647158, 647147, [4163914], 1]]
[[4686061, 647150, 647147, [2839867], 1], [4686065, 647150, 647147, [2643254], 1], [4686062, 647150, 647147, [3099837, 2666369], 2]]
[[4686061, 647150, 647147, [2839867], 1], [4686065, 647150, 647147, [2643254], 1], [4686063, 647154, 647147, [3788931], 1]]
[[4686061, 647150, 647147, [2839867], 1], [4686065, 647150, 647147, [2643254], 1], [4686064, 647150, 647147, [2816061], 1]]
[[4686061, 647150, 647147, [2839867], 1], [4686065, 647150, 647147, [2643254], 1], [4686066, 647163, 647147, [2459828], 1]]
[[4686061, 647150, 647147, [2839867], 1], [4686065, 647150, 647147, [2643254], 1], [4686067, 647158, 647147, [4163914], 1]]
[[4686061, 647150, 647147, [2839867], 1], [4686066, 647163, 647147, [2459828], 1], [4686062, 647150, 647147, [3099837, 2666369], 2]]
[[4686061, 647150, 647147, [2839867], 1], [4686066, 647163, 647147, [2459828], 1], [4686063, 647154, 647147, [3788931], 1]]
[[4686061, 647150, 647147, [2839867], 1], [4686066, 647163, 647147, [2459828], 1], [4686064, 647150, 647147, [2816061], 1]]
[[4686061, 647150, 647147, [2839867], 1], [4686066, 647163, 647147, [2459828], 1], [4686065, 647150, 647147, [2643254], 1]]
[[4686061, 647150, 647147, [2839867], 1], [4686066, 647163, 647147, [2459828], 1], [4686067, 647158, 647147, [4163914], 1]]
[[4686061, 647150, 647147, [2839867], 1], [4686067, 647158, 647147, [4163914], 1], [4686062, 647150, 647147, [3099837, 2666369], 2]]
[[4686061, 647150, 647147, [2839867], 1], [4686067, 647158, 647147, [4163914], 1], [4686063, 647154, 647147, [3788931], 1]]
[[4686061, 647150, 647147, [2839867], 1], [4686067, 647158, 647147, [4163914], 1], [4686064, 647150, 647147, [2816061], 1]]
[[4686061, 647150, 647147, [2839867], 1], [4686067, 647158, 647147, [4163914], 1], [4686065, 647150, 647147, [2643254], 1]]
[[4686061, 647150, 647147, [2839867], 1], [4686067, 647158, 647147, [4163914], 1], [4686066, 647163, 647147, [2459828], 1]]
[[4686062, 647150, 647147, [3099837, 2666369], 2], [4686061, 647150, 647147, [2839867], 1], [4686063, 647154, 647147, [3788931], 1]]
[[4686062, 647150, 647147, [3099837, 2666369], 2], [4686061, 647150, 647147, [2839867], 1], [4686064, 647150, 647147, [2816061], 1]]
[[4686062, 647150, 647147, [3099837, 2666369], 2], [4686061, 647150, 647147, [2839867], 1], [4686065, 647150, 647147, [2643254], 1]]
[[4686062, 647150, 647147, [3099837, 2666369], 2], [4686061, 647150, 647147, [2839867], 1], [4686066, 647163, 647147, [2459828], 1]]
[[4686062, 647150, 647147, [3099837, 2666369], 2], [4686061, 647150, 647147, [2839867], 1], [4686067, 647158, 647147, [4163914], 1]]
[[4686062, 647150, 647147, [3099837, 2666369], 2], [4686063, 647154, 647147, [3788931], 1], [4686061, 647150, 647147, [2839867], 1]]
[[4686062, 647150, 647147, [3099837, 2666369], 2], [4686063, 647154, 647147, [3788931], 1], [4686064, 647150, 647147, [2816061], 1]]
[[4686062, 647150, 647147, [3099837, 2666369], 2], [4686063, 647154, 647147, [3788931], 1], [4686065, 647150, 647147, [2643254], 1]]
[[4686062, 647150, 647147, [3099837, 2666369], 2], [4686063, 647154, 647147, [3788931], 1], [4686066, 647163, 647147, [2459828], 1]]
[[4686062, 647150, 647147, [3099837, 2666369], 2], [4686063, 647154, 647147, [3788931], 1], [4686067, 647158, 647147, [4163914], 1]]
[[4686062, 647150, 647147, [3099837, 2666369], 2], [4686064, 647150, 647147, [2816061], 1], [4686061, 647150, 647147, [2839867], 1]]
[[4686062, 647150, 647147, [3099837, 2666369], 2], [4686064, 647150, 647147, [2816061], 1], [4686063, 647154, 647147, [3788931], 1]]
[[4686062, 647150, 647147, [3099837, 2666369], 2], [4686064, 647150, 647147, [2816061], 1], [4686065, 647150, 647147, [2643254], 1]]
[[4686062, 647150, 647147, [3099837, 2666369], 2], [4686064, 647150, 647147, [2816061], 1], [4686066, 647163, 647147, [2459828], 1]]
[[4686062, 647150, 647147, [3099837, 2666369], 2], [4686064, 647150, 647147, [2816061], 1], [4686067, 647158, 647147, [4163914], 1]]
[[4686062, 647150, 647147, [3099837, 2666369], 2], [4686065, 647150, 647147, [2643254], 1], [4686061, 647150, 647147, [2839867], 1]]
[[4686062, 647150, 647147, [3099837, 2666369], 2], [4686065, 647150, 647147, [2643254], 1], [4686063, 647154, 647147, [3788931], 1]]
[[4686062, 647150, 647147, [3099837, 2666369], 2], [4686065, 647150, 647147, [2643254], 1], [4686064, 647150, 647147, [2816061], 1]]
[[4686062, 647150, 647147, [3099837, 2666369], 2], [4686065, 647150, 647147, [2643254], 1], [4686066, 647163, 647147, [2459828], 1]]
[[4686062, 647150, 647147, [3099837, 2666369], 2], [4686065, 647150, 647147, [2643254], 1], [4686067, 647158, 647147, [4163914], 1]]
[[4686062, 647150, 647147, [3099837, 2666369], 2], [4686066, 647163, 647147, [2459828], 1], [4686061, 647150, 647147, [2839867], 1]]
[[4686062, 647150, 647147, [3099837, 2666369], 2], [4686066, 647163, 647147, [2459828], 1], [4686063, 647154, 647147, [3788931], 1]]
[[4686062, 647150, 647147, [3099837, 2666369], 2], [4686066, 647163, 647147, [2459828], 1], [4686064, 647150, 647147, [2816061], 1]]
[[4686062, 647150, 647147, [3099837, 2666369], 2], [4686066, 647163, 647147, [2459828], 1], [4686065, 647150, 647147, [2643254], 1]]
[[4686062, 647150, 647147, [3099837, 2666369], 2], [4686066, 647163, 647147, [2459828], 1], [4686067, 647158, 647147, [4163914], 1]]
[[4686062, 647150, 647147, [3099837, 2666369], 2], [4686067, 647158, 647147, [4163914], 1], [4686061, 647150, 647147, [2839867], 1]]
[[4686062, 647150, 647147, [3099837, 2666369], 2], [4686067, 647158, 647147, [4163914], 1], [4686063, 647154, 647147, [3788931], 1]]
[[4686062, 647150, 647147, [3099837, 2666369], 2], [4686067, 647158, 647147, [4163914], 1], [4686064, 647150, 647147, [2816061], 1]]
[[4686062, 647150, 647147, [3099837, 2666369], 2], [4686067, 647158, 647147, [4163914], 1], [4686065, 647150, 647147, [2643254], 1]]
[[4686062, 647150, 647147, [3099837, 2666369], 2], [4686067, 647158, 647147, [4163914], 1], [4686066, 647163, 647147, [2459828], 1]]
[[4686063, 647154, 647147, [3788931], 1], [4686061, 647150, 647147, [2839867], 1], [4686062, 647150, 647147, [3099837, 2666369], 2]]
[[4686063, 647154, 647147, [3788931], 1], [4686061, 647150, 647147, [2839867], 1], [4686064, 647150, 647147, [2816061], 1]]
[[4686063, 647154, 647147, [3788931], 1], [4686061, 647150, 647147, [2839867], 1], [4686065, 647150, 647147, [2643254], 1]]
[[4686063, 647154, 647147, [3788931], 1], [4686061, 647150, 647147, [2839867], 1], [4686066, 647163, 647147, [2459828], 1]]
[[4686063, 647154, 647147, [3788931], 1], [4686061, 647150, 647147, [2839867], 1], [4686067, 647158, 647147, [4163914], 1]]
[[4686063, 647154, 647147, [3788931], 1], [4686062, 647150, 647147, [3099837, 2666369], 2], [4686061, 647150, 647147, [2839867], 1]]
[[4686063, 647154, 647147, [3788931], 1], [4686062, 647150, 647147, [3099837, 2666369], 2], [4686064, 647150, 647147, [2816061], 1]]
[[4686063, 647154, 647147, [3788931], 1], [4686062, 647150, 647147, [3099837, 2666369], 2], [4686065, 647150, 647147, [2643254], 1]]
[[4686063, 647154, 647147, [3788931], 1], [4686062, 647150, 647147, [3099837, 2666369], 2], [4686066, 647163, 647147, [2459828], 1]]
[[4686063, 647154, 647147, [3788931], 1], [4686062, 647150, 647147, [3099837, 2666369], 2], [4686067, 647158, 647147, [4163914], 1]]
[[4686063, 647154, 647147, [3788931], 1], [4686064, 647150, 647147, [2816061], 1], [4686061, 647150, 647147, [2839867], 1]]
[[4686063, 647154, 647147, [3788931], 1], [4686064, 647150, 647147, [2816061], 1], [4686062, 647150, 647147, [3099837, 2666369], 2]]
[[4686063, 647154, 647147, [3788931], 1], [4686064, 647150, 647147, [2816061], 1], [4686065, 647150, 647147, [2643254], 1]]
[[4686063, 647154, 647147, [3788931], 1], [4686064, 647150, 647147, [2816061], 1], [4686066, 647163, 647147, [2459828], 1]]
[[4686063, 647154, 647147, [3788931], 1], [4686064, 647150, 647147, [2816061], 1], [4686067, 647158, 647147, [4163914], 1]]
[[4686063, 647154, 647147, [3788931], 1], [4686065, 647150, 647147, [2643254], 1], [4686061, 647150, 647147, [2839867], 1]]
[[4686063, 647154, 647147, [3788931], 1], [4686065, 647150, 647147, [2643254], 1], [4686062, 647150, 647147, [3099837, 2666369], 2]]
[[4686063, 647154, 647147, [3788931], 1], [4686065, 647150, 647147, [2643254], 1], [4686064, 647150, 647147, [2816061], 1]]
[[4686063, 647154, 647147, [3788931], 1], [4686065, 647150, 647147, [2643254], 1], [4686066, 647163, 647147, [2459828], 1]]
[[4686063, 647154, 647147, [3788931], 1], [4686065, 647150, 647147, [2643254], 1], [4686067, 647158, 647147, [4163914], 1]]
[[4686063, 647154, 647147, [3788931], 1], [4686066, 647163, 647147, [2459828], 1], [4686061, 647150, 647147, [2839867], 1]]
[[4686063, 647154, 647147, [3788931], 1], [4686066, 647163, 647147, [2459828], 1], [4686062, 647150, 647147, [3099837, 2666369], 2]]
[[4686063, 647154, 647147, [3788931], 1], [4686066, 647163, 647147, [2459828], 1], [4686064, 647150, 647147, [2816061], 1]]
[[4686063, 647154, 647147, [3788931], 1], [4686066, 647163, 647147, [2459828], 1], [4686065, 647150, 647147, [2643254], 1]]
[[4686063, 647154, 647147, [3788931], 1], [4686066, 647163, 647147, [2459828], 1], [4686067, 647158, 647147, [4163914], 1]]
[[4686063, 647154, 647147, [3788931], 1], [4686067, 647158, 647147, [4163914], 1], [4686061, 647150, 647147, [2839867], 1]]
[[4686063, 647154, 647147, [3788931], 1], [4686067, 647158, 647147, [4163914], 1], [4686062, 647150, 647147, [3099837, 2666369], 2]]
[[4686063, 647154, 647147, [3788931], 1], [4686067, 647158, 647147, [4163914], 1], [4686064, 647150, 647147, [2816061], 1]]
[[4686063, 647154, 647147, [3788931], 1], [4686067, 647158, 647147, [4163914], 1], [4686065, 647150, 647147, [2643254], 1]]
[[4686063, 647154, 647147, [3788931], 1], [4686067, 647158, 647147, [4163914], 1], [4686066, 647163, 647147, [2459828], 1]]
[[4686064, 647150, 647147, [2816061], 1], [4686061, 647150, 647147, [2839867], 1], [4686062, 647150, 647147, [3099837, 2666369], 2]]
[[4686064, 647150, 647147, [2816061], 1], [4686061, 647150, 647147, [2839867], 1], [4686063, 647154, 647147, [3788931], 1]]
[[4686064, 647150, 647147, [2816061], 1], [4686061, 647150, 647147, [2839867], 1], [4686065, 647150, 647147, [2643254], 1]]
[[4686064, 647150, 647147, [2816061], 1], [4686061, 647150, 647147, [2839867], 1], [4686066, 647163, 647147, [2459828], 1]]
[[4686064, 647150, 647147, [2816061], 1], [4686061, 647150, 647147, [2839867], 1], [4686067, 647158, 647147, [4163914], 1]]
[[4686064, 647150, 647147, [2816061], 1], [4686062, 647150, 647147, [3099837, 2666369], 2], [4686061, 647150, 647147, [2839867], 1]]
[[4686064, 647150, 647147, [2816061], 1], [4686062, 647150, 647147, [3099837, 2666369], 2], [4686063, 647154, 647147, [3788931], 1]]
[[4686064, 647150, 647147, [2816061], 1], [4686062, 647150, 647147, [3099837, 2666369], 2], [4686065, 647150, 647147, [2643254], 1]]
[[4686064, 647150, 647147, [2816061], 1], [4686062, 647150, 647147, [3099837, 2666369], 2], [4686066, 647163, 647147, [2459828], 1]]
[[4686064, 647150, 647147, [2816061], 1], [4686062, 647150, 647147, [3099837, 2666369], 2], [4686067, 647158, 647147, [4163914], 1]]
[[4686064, 647150, 647147, [2816061], 1], [4686063, 647154, 647147, [3788931], 1], [4686061, 647150, 647147, [2839867], 1]]
[[4686064, 647150, 647147, [2816061], 1], [4686063, 647154, 647147, [3788931], 1], [4686062, 647150, 647147, [3099837, 2666369], 2]]
[[4686064, 647150, 647147, [2816061], 1], [4686063, 647154, 647147, [3788931], 1], [4686065, 647150, 647147, [2643254], 1]]
[[4686064, 647150, 647147, [2816061], 1], [4686063, 647154, 647147, [3788931], 1], [4686066, 647163, 647147, [2459828], 1]]
[[4686064, 647150, 647147, [2816061], 1], [4686063, 647154, 647147, [3788931], 1], [4686067, 647158, 647147, [4163914], 1]]
[[4686064, 647150, 647147, [2816061], 1], [4686065, 647150, 647147, [2643254], 1], [4686061, 647150, 647147, [2839867], 1]]
[[4686064, 647150, 647147, [2816061], 1], [4686065, 647150, 647147, [2643254], 1], [4686062, 647150, 647147, [3099837, 2666369], 2]]
[[4686064, 647150, 647147, [2816061], 1], [4686065, 647150, 647147, [2643254], 1], [4686063, 647154, 647147, [3788931], 1]]
[[4686064, 647150, 647147, [2816061], 1], [4686065, 647150, 647147, [2643254], 1], [4686066, 647163, 647147, [2459828], 1]]
[[4686064, 647150, 647147, [2816061], 1], [4686065, 647150, 647147, [2643254], 1], [4686067, 647158, 647147, [4163914], 1]]
[[4686064, 647150, 647147, [2816061], 1], [4686066, 647163, 647147, [2459828], 1], [4686061, 647150, 647147, [2839867], 1]]
[[4686064, 647150, 647147, [2816061], 1], [4686066, 647163, 647147, [2459828], 1], [4686062, 647150, 647147, [3099837, 2666369], 2]]
[[4686064, 647150, 647147, [2816061], 1], [4686066, 647163, 647147, [2459828], 1], [4686063, 647154, 647147, [3788931], 1]]
[[4686064, 647150, 647147, [2816061], 1], [4686066, 647163, 647147, [2459828], 1], [4686065, 647150, 647147, [2643254], 1]]
[[4686064, 647150, 647147, [2816061], 1], [4686066, 647163, 647147, [2459828], 1], [4686067, 647158, 647147, [4163914], 1]]
[[4686064, 647150, 647147, [2816061], 1], [4686067, 647158, 647147, [4163914], 1], [4686061, 647150, 647147, [2839867], 1]]
[[4686064, 647150, 647147, [2816061], 1], [4686067, 647158, 647147, [4163914], 1], [4686062, 647150, 647147, [3099837, 2666369], 2]]
[[4686064, 647150, 647147, [2816061], 1], [4686067, 647158, 647147, [4163914], 1], [4686063, 647154, 647147, [3788931], 1]]
[[4686064, 647150, 647147, [2816061], 1], [4686067, 647158, 647147, [4163914], 1], [4686065, 647150, 647147, [2643254], 1]]
[[4686064, 647150, 647147, [2816061], 1], [4686067, 647158, 647147, [4163914], 1], [4686066, 647163, 647147, [2459828], 1]]
[[4686065, 647150, 647147, [2643254], 1], [4686061, 647150, 647147, [2839867], 1], [4686062, 647150, 647147, [3099837, 2666369], 2]]
[[4686065, 647150, 647147, [2643254], 1], [4686061, 647150, 647147, [2839867], 1], [4686063, 647154, 647147, [3788931], 1]]
[[4686065, 647150, 647147, [2643254], 1], [4686061, 647150, 647147, [2839867], 1], [4686064, 647150, 647147, [2816061], 1]]
[[4686065, 647150, 647147, [2643254], 1], [4686061, 647150, 647147, [2839867], 1], [4686066, 647163, 647147, [2459828], 1]]
[[4686065, 647150, 647147, [2643254], 1], [4686061, 647150, 647147, [2839867], 1], [4686067, 647158, 647147, [4163914], 1]]
[[4686065, 647150, 647147, [2643254], 1], [4686062, 647150, 647147, [3099837, 2666369], 2], [4686061, 647150, 647147, [2839867], 1]]
[[4686065, 647150, 647147, [2643254], 1], [4686062, 647150, 647147, [3099837, 2666369], 2], [4686063, 647154, 647147, [3788931], 1]]
[[4686065, 647150, 647147, [2643254], 1], [4686062, 647150, 647147, [3099837, 2666369], 2], [4686064, 647150, 647147, [2816061], 1]]
[[4686065, 647150, 647147, [2643254], 1], [4686062, 647150, 647147, [3099837, 2666369], 2], [4686066, 647163, 647147, [2459828], 1]]
[[4686065, 647150, 647147, [2643254], 1], [4686062, 647150, 647147, [3099837, 2666369], 2], [4686067, 647158, 647147, [4163914], 1]]
[[4686065, 647150, 647147, [2643254], 1], [4686063, 647154, 647147, [3788931], 1], [4686061, 647150, 647147, [2839867], 1]]
[[4686065, 647150, 647147, [2643254], 1], [4686063, 647154, 647147, [3788931], 1], [4686062, 647150, 647147, [3099837, 2666369], 2]]
[[4686065, 647150, 647147, [2643254], 1], [4686063, 647154, 647147, [3788931], 1], [4686064, 647150, 647147, [2816061], 1]]
[[4686065, 647150, 647147, [2643254], 1], [4686063, 647154, 647147, [3788931], 1], [4686066, 647163, 647147, [2459828], 1]]
[[4686065, 647150, 647147, [2643254], 1], [4686063, 647154, 647147, [3788931], 1], [4686067, 647158, 647147, [4163914], 1]]
[[4686065, 647150, 647147, [2643254], 1], [4686064, 647150, 647147, [2816061], 1], [4686061, 647150, 647147, [2839867], 1]]
[[4686065, 647150, 647147, [2643254], 1], [4686064, 647150, 647147, [2816061], 1], [4686062, 647150, 647147, [3099837, 2666369], 2]]
[[4686065, 647150, 647147, [2643254], 1], [4686064, 647150, 647147, [2816061], 1], [4686063, 647154, 647147, [3788931], 1]]
[[4686065, 647150, 647147, [2643254], 1], [4686064, 647150, 647147, [2816061], 1], [4686066, 647163, 647147, [2459828], 1]]
[[4686065, 647150, 647147, [2643254], 1], [4686064, 647150, 647147, [2816061], 1], [4686067, 647158, 647147, [4163914], 1]]
[[4686065, 647150, 647147, [2643254], 1], [4686066, 647163, 647147, [2459828], 1], [4686061, 647150, 647147, [2839867], 1]]
[[4686065, 647150, 647147, [2643254], 1], [4686066, 647163, 647147, [2459828], 1], [4686062, 647150, 647147, [3099837, 2666369], 2]]
[[4686065, 647150, 647147, [2643254], 1], [4686066, 647163, 647147, [2459828], 1], [4686063, 647154, 647147, [3788931], 1]]
[[4686065, 647150, 647147, [2643254], 1], [4686066, 647163, 647147, [2459828], 1], [4686064, 647150, 647147, [2816061], 1]]
[[4686065, 647150, 647147, [2643254], 1], [4686066, 647163, 647147, [2459828], 1], [4686067, 647158, 647147, [4163914], 1]]
[[4686065, 647150, 647147, [2643254], 1], [4686067, 647158, 647147, [4163914], 1], [4686061, 647150, 647147, [2839867], 1]]
[[4686065, 647150, 647147, [2643254], 1], [4686067, 647158, 647147, [4163914], 1], [4686062, 647150, 647147, [3099837, 2666369], 2]]
[[4686065, 647150, 647147, [2643254], 1], [4686067, 647158, 647147, [4163914], 1], [4686063, 647154, 647147, [3788931], 1]]
[[4686065, 647150, 647147, [2643254], 1], [4686067, 647158, 647147, [4163914], 1], [4686064, 647150, 647147, [2816061], 1]]
[[4686065, 647150, 647147, [2643254], 1], [4686067, 647158, 647147, [4163914], 1], [4686066, 647163, 647147, [2459828], 1]]
[[4686066, 647163, 647147, [2459828], 1], [4686061, 647150, 647147, [2839867], 1], [4686062, 647150, 647147, [3099837, 2666369], 2]]
[[4686066, 647163, 647147, [2459828], 1], [4686061, 647150, 647147, [2839867], 1], [4686063, 647154, 647147, [3788931], 1]]
[[4686066, 647163, 647147, [2459828], 1], [4686061, 647150, 647147, [2839867], 1], [4686064, 647150, 647147, [2816061], 1]]
[[4686066, 647163, 647147, [2459828], 1], [4686061, 647150, 647147, [2839867], 1], [4686065, 647150, 647147, [2643254], 1]]
[[4686066, 647163, 647147, [2459828], 1], [4686061, 647150, 647147, [2839867], 1], [4686067, 647158, 647147, [4163914], 1]]
[[4686066, 647163, 647147, [2459828], 1], [4686062, 647150, 647147, [3099837, 2666369], 2], [4686061, 647150, 647147, [2839867], 1]]
[[4686066, 647163, 647147, [2459828], 1], [4686062, 647150, 647147, [3099837, 2666369], 2], [4686063, 647154, 647147, [3788931], 1]]
[[4686066, 647163, 647147, [2459828], 1], [4686062, 647150, 647147, [3099837, 2666369], 2], [4686064, 647150, 647147, [2816061], 1]]
[[4686066, 647163, 647147, [2459828], 1], [4686062, 647150, 647147, [3099837, 2666369], 2], [4686065, 647150, 647147, [2643254], 1]]
[[4686066, 647163, 647147, [2459828], 1], [4686062, 647150, 647147, [3099837, 2666369], 2], [4686067, 647158, 647147, [4163914], 1]]
[[4686066, 647163, 647147, [2459828], 1], [4686063, 647154, 647147, [3788931], 1], [4686061, 647150, 647147, [2839867], 1]]
[[4686066, 647163, 647147, [2459828], 1], [4686063, 647154, 647147, [3788931], 1], [4686062, 647150, 647147, [3099837, 2666369], 2]]
[[4686066, 647163, 647147, [2459828], 1], [4686063, 647154, 647147, [3788931], 1], [4686064, 647150, 647147, [2816061], 1]]
[[4686066, 647163, 647147, [2459828], 1], [4686063, 647154, 647147, [3788931], 1], [4686065, 647150, 647147, [2643254], 1]]
[[4686066, 647163, 647147, [2459828], 1], [4686063, 647154, 647147, [3788931], 1], [4686067, 647158, 647147, [4163914], 1]]
[[4686066, 647163, 647147, [2459828], 1], [4686064, 647150, 647147, [2816061], 1], [4686061, 647150, 647147, [2839867], 1]]
[[4686066, 647163, 647147, [2459828], 1], [4686064, 647150, 647147, [2816061], 1], [4686062, 647150, 647147, [3099837, 2666369], 2]]
[[4686066, 647163, 647147, [2459828], 1], [4686064, 647150, 647147, [2816061], 1], [4686063, 647154, 647147, [3788931], 1]]
[[4686066, 647163, 647147, [2459828], 1], [4686064, 647150, 647147, [2816061], 1], [4686065, 647150, 647147, [2643254], 1]]
[[4686066, 647163, 647147, [2459828], 1], [4686064, 647150, 647147, [2816061], 1], [4686067, 647158, 647147, [4163914], 1]]
[[4686066, 647163, 647147, [2459828], 1], [4686065, 647150, 647147, [2643254], 1], [4686061, 647150, 647147, [2839867], 1]]
[[4686066, 647163, 647147, [2459828], 1], [4686065, 647150, 647147, [2643254], 1], [4686062, 647150, 647147, [3099837, 2666369], 2]]
[[4686066, 647163, 647147, [2459828], 1], [4686065, 647150, 647147, [2643254], 1], [4686063, 647154, 647147, [3788931], 1]]
[[4686066, 647163, 647147, [2459828], 1], [4686065, 647150, 647147, [2643254], 1], [4686064, 647150, 647147, [2816061], 1]]
[[4686066, 647163, 647147, [2459828], 1], [4686065, 647150, 647147, [2643254], 1], [4686067, 647158, 647147, [4163914], 1]]
[[4686066, 647163, 647147, [2459828], 1], [4686067, 647158, 647147, [4163914], 1], [4686061, 647150, 647147, [2839867], 1]]
[[4686066, 647163, 647147, [2459828], 1], [4686067, 647158, 647147, [4163914], 1], [4686062, 647150, 647147, [3099837, 2666369], 2]]
[[4686066, 647163, 647147, [2459828], 1], [4686067, 647158, 647147, [4163914], 1], [4686063, 647154, 647147, [3788931], 1]]
[[4686066, 647163, 647147, [2459828], 1], [4686067, 647158, 647147, [4163914], 1], [4686064, 647150, 647147, [2816061], 1]]
[[4686066, 647163, 647147, [2459828], 1], [4686067, 647158, 647147, [4163914], 1], [4686065, 647150, 647147, [2643254], 1]]
[[4686067, 647158, 647147, [4163914], 1], [4686061, 647150, 647147, [2839867], 1], [4686062, 647150, 647147, [3099837, 2666369], 2]]
[[4686067, 647158, 647147, [4163914], 1], [4686061, 647150, 647147, [2839867], 1], [4686063, 647154, 647147, [3788931], 1]]
[[4686067, 647158, 647147, [4163914], 1], [4686061, 647150, 647147, [2839867], 1], [4686064, 647150, 647147, [2816061], 1]]
[[4686067, 647158, 647147, [4163914], 1], [4686061, 647150, 647147, [2839867], 1], [4686065, 647150, 647147, [2643254], 1]]
[[4686067, 647158, 647147, [4163914], 1], [4686061, 647150, 647147, [2839867], 1], [4686066, 647163, 647147, [2459828], 1]]
[[4686067, 647158, 647147, [4163914], 1], [4686062, 647150, 647147, [3099837, 2666369], 2], [4686061, 647150, 647147, [2839867], 1]]
[[4686067, 647158, 647147, [4163914], 1], [4686062, 647150, 647147, [3099837, 2666369], 2], [4686063, 647154, 647147, [3788931], 1]]
[[4686067, 647158, 647147, [4163914], 1], [4686062, 647150, 647147, [3099837, 2666369], 2], [4686064, 647150, 647147, [2816061], 1]]
[[4686067, 647158, 647147, [4163914], 1], [4686062, 647150, 647147, [3099837, 2666369], 2], [4686065, 647150, 647147, [2643254], 1]]
[[4686067, 647158, 647147, [4163914], 1], [4686062, 647150, 647147, [3099837, 2666369], 2], [4686066, 647163, 647147, [2459828], 1]]
[[4686067, 647158, 647147, [4163914], 1], [4686063, 647154, 647147, [3788931], 1], [4686061, 647150, 647147, [2839867], 1]]
[[4686067, 647158, 647147, [4163914], 1], [4686063, 647154, 647147, [3788931], 1], [4686062, 647150, 647147, [3099837, 2666369], 2]]
[[4686067, 647158, 647147, [4163914], 1], [4686063, 647154, 647147, [3788931], 1], [4686064, 647150, 647147, [2816061], 1]]
[[4686067, 647158, 647147, [4163914], 1], [4686063, 647154, 647147, [3788931], 1], [4686065, 647150, 647147, [2643254], 1]]
[[4686067, 647158, 647147, [4163914], 1], [4686063, 647154, 647147, [3788931], 1], [4686066, 647163, 647147, [2459828], 1]]
[[4686067, 647158, 647147, [4163914], 1], [4686064, 647150, 647147, [2816061], 1], [4686061, 647150, 647147, [2839867], 1]]
[[4686067, 647158, 647147, [4163914], 1], [4686064, 647150, 647147, [2816061], 1], [4686062, 647150, 647147, [3099837, 2666369], 2]]
[[4686067, 647158, 647147, [4163914], 1], [4686064, 647150, 647147, [2816061], 1], [4686063, 647154, 647147, [3788931], 1]]
[[4686067, 647158, 647147, [4163914], 1], [4686064, 647150, 647147, [2816061], 1], [4686065, 647150, 647147, [2643254], 1]]
[[4686067, 647158, 647147, [4163914], 1], [4686064, 647150, 647147, [2816061], 1], [4686066, 647163, 647147, [2459828], 1]]
[[4686067, 647158, 647147, [4163914], 1], [4686065, 647150, 647147, [2643254], 1], [4686061, 647150, 647147, [2839867], 1]]
[[4686067, 647158, 647147, [4163914], 1], [4686065, 647150, 647147, [2643254], 1], [4686062, 647150, 647147, [3099837, 2666369], 2]]
[[4686067, 647158, 647147, [4163914], 1], [4686065, 647150, 647147, [2643254], 1], [4686063, 647154, 647147, [3788931], 1]]
[[4686067, 647158, 647147, [4163914], 1], [4686065, 647150, 647147, [2643254], 1], [4686064, 647150, 647147, [2816061], 1]]
[[4686067, 647158, 647147, [4163914], 1], [4686065, 647150, 647147, [2643254], 1], [4686066, 647163, 647147, [2459828], 1]]
[[4686067, 647158, 647147, [4163914], 1], [4686066, 647163, 647147, [2459828], 1], [4686061, 647150, 647147, [2839867], 1]]
[[4686067, 647158, 647147, [4163914], 1], [4686066, 647163, 647147, [2459828], 1], [4686062, 647150, 647147, [3099837, 2666369], 2]]
[[4686067, 647158, 647147, [4163914], 1], [4686066, 647163, 647147, [2459828], 1], [4686063, 647154, 647147, [3788931], 1]]
[[4686067, 647158, 647147, [4163914], 1], [4686066, 647163, 647147, [2459828], 1], [4686064, 647150, 647147, [2816061], 1]]
[[4686067, 647158, 647147, [4163914], 1], [4686066, 647163, 647147, [2459828], 1], [4686065, 647150, 647147, [2643254], 1]]
